function mpc = IEEE13TEST1
%% MATPOWER Case Format : Version 2
mpc.version = '2';

%%-----  Power Flow Data  -----%%
%% system MVA base
mpc.baseMVA = 100; 

%	bus_i	type	Pd	Qd	Gs	Bs	area	Vm	Va	baseKV	zone	Vmax	Vmin
mpc.bus = [													
	632	2	0	0	0	0	1	1.0174	117.83	4.16	1	1.03	0.97;
	633	2	0	0	0	0	1	1.0148	117.83	4.16	1	1.03	0.97;
	634	2	0	0	0	0	1	0.9959	117.35	4.16	1	1.03	0.97;
	645	2	0	0	0	0	1	1.0154	117.86	4.16	1	1.03	0.97;
	646	2	0	0	0	0	1	1.0133	117.9	4.16	1	1.03	0.97;
	671	2	0	0	0	0	1	0.9781	116	4.16	1	1.03	0.97;
	680	2	0	0	0	0	1	0.9781	116	4.16	1	1.03	0.97;
	684	2	0	0	0	0	1	0.9761	115.9	4.16	1	1.03	0.97;
	652	2	0	0	0	0	1	0.9825	-5.22	4.16	1	1.03	0.97;
	611	2	0	0	0	0	1	0.9741	115.75	4.16	1	1.03	0.97;
	692	2	0	0	0	0	1	0.978	116	4.16	1	1.03	0.97;
	675	2	0	0	0	0	1	0.976	116.02	4.16	1	1.03	0.97;
	650	1	3518.74	1540.14	0	0	1	1	1	4.16	1	1.03    0.97;	
];													

mpc.gen = [																					
	650	250	161.762	50	-50	1.0499	100	1	1040	0	0	0	0	0	0	0	0	0	0	0	0;
    ];

%% branch data													
%	fbus	tbus	r	x	b	rateA	rateB	rateC	ratio	angle	status	angmin	angmax
mpc.branch = [													
	650	632	0.131	0.092	0	600	600	600	0	0	1	-360	360;
	632	645	0.146	0.092	0	1000	1000	1000	0	0	1	-360	360;
	645	646	0.192	0.031	0	500	500	500	0	0	1	-360	360;
	632	633	0.214	0.046	0	500	500	500	0	0	1	-360	360;
	633	634	0.336	0.061	0	900	900	2500	1.025	0	1	-360	360;
	632	671	0.107	0.183	0	500	500	500	0	0	1	-360	360;
	671	680	0.161	0.015	0	500	500	500	0	0	1	-360	360;
	671	684	0.115	0.031	0	600	600	600	0	0	1	-360	360;
	684	611	0.168	0.061	0	500	500	500	0	0	1	-360	360;
	684	652	0.031	0.046	0	1200	1200	1200	0	0	1	-360	360;
	671	692	0.076	0.015	0	900	900	900	0	0	1	-360	360;
	692	675	0.015	0.015	0	900	900	900	0	0	1	-360	360;
];										

mpc.gencost = [
	2	0	0	3	0.01	0.3	0.2;
    ];



